53
581831 34.9885 86.9713 464.845 784.247 932.396 404.256 2.36361e+14 2.07539
581885 35.978 87.2015 465.673 18.5523 534.097 -288.888 2.47314e+14 2.10643
0.21676
58
613133 148.474 219.844 415.411 -11.8523 -299.716 49.9547 2.85847e+14 2.22061
613135 148.557 220.808 416.448 766.53 -963.532 -55.4208 2.71943e+14 2.12902
0.0970592
75
816459 598.624 76.7526 711.57 723.633 8.75325 -612.974 2.57018e+14 2.16763
816460 599.608 77.3619 710.693 1230.39 -393.385 447.428 3.62232e+14 2.53934
0.0891778
76
846763 690.373 265.584 623.682 -94.1158 -151.579 59.5562 2.64055e+14 2.13223
846817 689.997 265.409 624.913 628.6 511.712 53.7086 1.10321e+14 1.87843
0.201033
110
1172893 1075.53 141.127 72.7138 78.9783 165.751 -230.57 2.02879e+14 1.96694
1172906 1075.12 142.063 71.6748 191.673 -260.983 701.297 1.11853e+14 1.87214
0.124157
118
1297456 1109.28 165.581 124.589 -481.147 -1041.38 258.985 2.86358e+14 2.18545
1297483 1108.47 165.264 125.71 -89.8719 252.885 -14.7137 3.18648e+14 2.22744
0.0802513
119
1323173 1172.07 279.897 57.6702 425.097 26.1998 28.4079 2.42377e+14 2.08227
1323174 1173.38 279.494 57.906 -515.99 222.409 -334.965 2.05319e+14 2.01684
0.188189
121
1334942 1311.43 230.31 11.0699 -195.331 -105.212 149.941 2.18712e+14 1.9281
1334962 1311.05 229.633 11.7586 813.38 -504.709 -1066.71 2.02879e+14 1.95406
0.110489
124
1364297 1125.81 98.8879 340.711 229.931 -709.956 634.909 2.59345e+14 2.0785
1364298 1125.63 98.3243 342.022 -42.1406 51.147 -173.376 1.20366e+14 1.99616
0.0979225
130
1452001 762.912 589.751 47.1366 96.8 259.618 71.2598 2.9941e+14 2.2355
1452003 763.257 589.457 48.482 612.876 371.245 -880.399 1.13102e+14 2.15391
0.06891
131
1465650 772.003 666.076 155.161 -429.826 -95.2522 296.235 2.10086e+14 1.99411
1465653 771.554 666.913 156.305 422.13 -508.706 -616.347 1.87614e+14 1.97533
0.0714776
